Depth (cm)	EM3
0.25	0.022822949
0.75	0.063741217
1.25	0.0070509397
1.75	0.036587581
2.25	0.049481008
2.75	0.021535194
3.25	0.014207025
3.75	0.089052312
4.25	0.066746641
4.75	0.057227315
5.25	0.08052419
5.75	0.14362323
6.25	0.069916777
6.75	0.083062289
7.25	0.11922511
7.75	0.10733396
8.25	0.033539508
8.75	0.063533558
9.25	0.085961903
9.75	0.051408403
10.25	0.14391519
10.75	0.041040959
11.25	0.03034561
11.75	0.021097239
12.25	0.013917509
12.75	0.015895144
13.25	0.0066581693
13.75	0.013121274
14.25	0.032043039
14.75	0.0067454106
15.25	0.0061127774
15.75	0.010641468
16.25	0.0063215514
16.75	0.0067192517
17.25	0.0045245859
17.75	0.0082730924
18.25	0.014538303
18.75	0.0050132859
19.25	0.0065172716
19.75	0.0099849094
20.25	0.0050758478
20.75	0.0056260027
21.25	0.008909824
21.75	0.0067888828
22.25	0.010769173
22.75	0.005630611
23.25	0.0090650501
23.75	0.004706637
24.25	0.0044853852
24.75	0.0075433135
25.25	0.018384728
25.75	0.010053401
26.25	0.038891021
26.75	0.010442153
27.25	0.0054373432
27.75	0.0096403921
28.25	0.011039433
28.75	0.0083884473
29.25	0.019998474
29.75	0.015935724
30.25	0.034581316
30.75	0.020507514
31.25	0.013142085
31.75	0.012646828
32.25	0.022444296
32.75	0.017299854
33.25	0.0082726127
33.75	0.0053549987
34.25	0.012184002
34.75	0.0056014548
35.25	0.052322936
35.75	0.0075961613
36.25	0.064413021
36.75	0.11464523
37.25	0.077370522
37.75	0.068779601
38.25	0.055937769
38.75	0.098156846
39.25	0.11072029
39.75	0.13048625
40.25	0.10772662
40.75	0.13307516
41.25	0.13573882
41.75	0.088154171
42.25	0.16242312
42.75	0.13823168
43.25	0.16174145
43.75	0.20476531
44.25	0.13842642
44.75	0.22640508
45.25	0.073565721
45.75	0.012704399
46.25	0.15464935
46.75	0.077217933
47.25	0.033298242
47.75	0.090944974
48.25	0.069361696
48.75	0.098736252
49.25	0.081617402
49.75	0.074669061
50.25	0.037958914
50.75	0.065637458
51.25	0.10184756
51.75	0.055610115
52.25	0.038148169
52.75	0.034779699
53.25	0.024342954
53.75	0.038299269
54.25	0.056521428
54.75	0.032006045
55.25	0.0047330806
55.75	0.030690766
56.25	0.027370566
56.75	0.018428109
57.25	0.10881834
57.75	0.011325234
58.25	0.0092299909
58.75	0.041198998
59.25	0.016912316
59.75	0.039079277
60.25	0.037830069
60.75	0.084894177
61.25	0.0097765036
61.75	0.045659322
62.25	0.039152764
62.75	0.090490924
63.25	0.030088202
63.75	0.016569552
64.25	0.0087766775
64.75	0.036245778
65.25	0.015638311
65.75	0.0055630081
66.25	0.0074389336
66.75	0.0039244708
67.25	0.0038728743
67.75	0.0051529191
68.25	0.0067832287
68.75	0.0044884866
69.25	0.0058353288
69.75	0.0034359489
70.25	0.018459408
70.75	0.0046124173
71.25	0.0034677564
71.75	0.0032953718
72.25	0.0030581694
72.75	0.0034932538
73.25	0.0026406573
73.75	0.0047191709
74.25	0.0065959794
74.75	0.0057985329
75.25	0.0042405153
75.75	0.003492068
76.25	0.0053782214
76.75	0.0068522886
77.25	0.0035877564
77.75	0.0060633945
78.25	0.0026935309
78.75	0.0041820783
79.25	0.0050622906
79.75	0.0059293577
80.25	0.0033922864
80.75	0.0031972216
81.25	0.0030354977
81.75	0.0030526613
82.25	0.0040180673
82.75	0.0036488194
83.25	0.0040974194
83.75	0.035445634
84.25	0.0033881565
84.75	0.0041338274
85.25	0.0039976382
85.75	0.003680917
86.25	0.0068505159
86.75	0.0042884721
87.25	0.0039836697
87.75	0.0059430194
88.25	0.0042695547
88.75	0.0038280915
89.25	0.014680288
89.75	0.0029659389
90.25	0.059972963
90.75	0.0054793743
91.25	0.0074930873
91.75	0.027990362
92.25	0.010745304
92.75	0.0036046594
93.25	0.0083652773
93.75	0.0048766703
94.25	0.0066225591
94.75	0.0050133144
95.25	0.0069145484
95.75	0.014579949
96.25	0.0057080599
96.75	0.0060475565
97.25	0.007933717
97.75	0.0042607248
98.25	0.0028759386
98.75	0.0080179726
99.25	0.026342951
99.75	0.038496612
100.25	0.0041229387
100.75	0.0073679506
101.25	0.020335357
101.75	0.020117477
102.25	0.0054402647
102.75	0.01065471
103.25	0.010226786
103.75	0.0057962527
104.25	0.007247314
104.75	0.045057687
105.25	0.028604994
105.75	0.017468881
106.25	0.020079831
106.75	0.03275441
107.25	0.018514477
107.75	0.010160693
108.25	0.013812942
108.75	0.015148596
109.25	0.015584185
109.75	0.016142166
110.25	0.017179294
110.75	0.0082948001
111.25	0.02052839
111.75	0.015214219
112.25	0.020386429
112.75	0.02477301
113.25	0.002696865
113.75	0.020064624
114.25	0.076148158
114.75	0.026268914
115.25	0.01936033
115.75	0.034631692
116.25	0.067061757
116.75	0.076604709
117.25	0.065922632
117.75	0.038879395
118.25	0.039466732
118.75	0.069456023
119.25	0.022585101
119.75	0.024260903
120.25	0.040464787
120.75	0.0062019111
121.25	0.014254161
121.75	0.0034328147
122.25	0.020618829
122.75	0.0020882155
123.25	0.0029986375
123.75	0.0074702917
124.25	0.0042488796
124.75	0.0038466498
125.25	0.0063555127
125.75	0.017043715
126.25	0.037154084
126.75	0.019259707
127.25	0.019692727
127.75	0.045208466
128.25	0.044724854
128.75	0.043801465
129.25	0.057694514
129.75	0.029078615
130.25	0.011138727
130.75	0.0040988917
131.25	0.002018983
131.75	0.010676214
132.25	0.015022406
132.75	0.013671263
133.25	0.017242722
133.75	0.023599305
134.25	0.040550422
134.75	0.0070560368
135.25	0.032768853
135.75	0.07356005
136.25	0.021103746
136.75	0.043318099
137.25	0.034015207
137.75	0.026173938
138.25	0.046583317
138.75	0.026423149
139.25	0.0081345208
139.75	0.013037677
140.25	0.064986727
140.75	0.039263656
141.25	0.052408235
141.75	0.026137344
142.25	0.020370119
142.75	0.023854988
143.25	0.0087846307
143.75	0.011037128
144.25	0.015199615
144.75	0.0089246492
145.25	0.028123703
145.75	0.045883879
146.25	0.026694747
146.75	0.050455239
147.25	0.036912998
147.75	0.026615379
148.25	0.028882781
148.75	0.0077062901
149.25	0.014821366
149.75	0.016826069
150.25	0.047417038
150.75	0.057471528
151.25	0.45900198
151.75	0.031937901
152.25	0.0074250974
152.75	0.03018417
153.25	0.13247455
153.75	0.022433215
154.25	0.015029994
154.75	0.045968519
155.25	0.0096251008
155.75	0.010331418
156.25	0.011354217
156.75	0.0056872502
157.25	0.012495806
157.75	0.027296105
158.25	0.0077792624
158.75	0.0073116594
159.25	0.035482969
159.75	0.029388175
160.25	0.0048844596
160.75	0.0071559478
161.25	0.0041408041
161.75	0.014340416
162.25	0.014632374
162.75	0.016876811
163.25	0.039190753
163.75	0.037826103
164.25	0.027645281
164.75	0.025433697
165.25	0.02852011
165.75	0.066067647
166.25	0.10681168
166.75	0.046529296
167.25	0.043950453
167.75	0.014754442
168.25	0.046825878
168.75	0.038384147
169.25	0.056219528
169.75	0.080140068
170.25	0.053411931
170.75	0.0072698585
171.25	0.0055281035
171.75	0.0054363555
172.25	0.005579099
172.75	0.0044233059
173.25	0.0039719583
173.75	0.0044923787
174.25	0.0036451134
174.75	0.0016602532
175.25	0.0029816891
175.75	0.0030211785
176.25	0.0039601718
176.75	0.010808139
177.25	0.02201898
177.75	0.0036324762
178.25	0.013240046
178.75	0.031802603
179.25	0.0062240678
179.75	0.0011935642
180.25	0.0045343692
180.75	0.0023592513
181.25	0.0021658572
181.75	0.0018101603
182.25	0.0027060117
182.75	0.0021898036
183.25	0.0032016957
183.75	0.01448622
184.25	0.003839503
184.75	0.0027051805
185.25	0.0019267028
185.75	0.0036401867
186.25	0.011563122
186.75	0.012836008
187.25	0.0059389315
187.75	0.036781686
188.25	0.023813632
188.75	0.018413654
189.25	0.021341625
189.75	0.0060262467
190.25	0.003000962
190.75	0.0051616356
191.25	0.009988941
191.75	0.015355381
192.25	0.050502652
192.75	0.0043181798
193.25	0.074471255
193.75	0.053360024
194.25	0.073951624
194.75	0.12648231
195.25	0.063133347
195.75	0.064498779
196.25	0.046754698
196.75	0.016674231
197.25	0.013307053
197.75	0.0096577234
198.25	0.0076249037
198.75	0.0081668384
199.25	0.0074424608
199.75	0.0057489365
200.25	0.0035953704
200.75	0.025690162
201.25	0.016057579
201.75	0.011838828
202.25	0.013344286
202.75	0.027783163
203.25	0.072896505
203.75	0.077884409
204.25	0.14044245
204.75	0.095031074
205.25	0.010761331
205.75	0.0071558031
206.25	0.0072877117
206.75	0.0092675387
207.25	0.053171491
207.75	0.01460506
208.25	0.012748634
208.75	0.0085869136
209.25	0.0051778557
209.75	0.017033121
210.25	0.017624057
210.75	0.034795558
211.25	0.02253254
211.75	0.01725152
212.25	0.064806742
212.75	0.009837241
213.25	0.035863215
213.75	0.013308792
214.25	0.0080614227
214.75	0.020848221
215.25	0.0081314675
215.75	0.0051973533
216.25	0.0053197165
216.75	0.0042519386
217.25	0.009751625
217.75	0.010493889
218.25	0.0080041988
218.75	0.0048945216
219.25	0.0035478359
219.75	0.0062653114
220.25	0.0076550608
220.75	0.020110725
221.25	0.0046089629
221.75	0.0050600518
222.25	0.0030106975
222.75	0.030380339
223.25	0.0065987184
223.75	0.0072285321
224.25	0.0050303361
224.75	0.0094082068
225.25	0.037002275
225.75	0.044976144
226.25	0.0062532423
226.75	0.04177773
227.25	0.028116932
227.75	0.009349758
228.25	0.0025668602
228.75	0.021625811
229.25	0.0019673116
229.75	0.0091392972
230.25	0.0046274161
230.75	0.007277625
231.25	0.0076938115
231.75	0.0019006088
232.25	0.0045365776
232.75	0.0061865515
233.25	0.010675505
233.75	0.0016175125
234.25	0.0046987469
234.75	0.0072335848
235.25	0.0042577863
235.75	0.010095038
236.25	0.027522152
236.75	0.0201002
237.25	0.028745338
237.75	0.020141113
238.25	0.0047373241
238.75	0.0025405175
239.25	0.0015480621
239.75	0.016150982
240.25	0.030477236
240.75	0.053168427
241.25	0.0029812535
241.75	0.055072361
242.25	0.038127834
242.75	0.011998667
243.25	0.056845194
243.75	0.042478235
244.25	0.011459673
244.75	0.017976269
245.25	0.0065060127
245.75	0.041533194
246.25	0.0029899913
246.75	0.010607521
247.25	0.0077386212
247.75	0.044885253
248.25	0.0027326624
248.75	0.085341097
249.25	0.065820993
249.75	0.056684263
250.25	0.052972655
250.75	0.038350354
251.25	0.043558845
251.75	0.092761641
252.25	0.091115309
252.75	0.0040469635
253.25	0.085836089
253.75	0.066658299
254.25	0.057794819
254.75	0.082923985
255.25	0.015269219
255.75	0.092910627
256.25	0.074021957
256.75	0.090074399
257.25	0.0468549
257.75	0.021362121
258.25	0.066723181
258.75	0.044677375
259.25	0.065779826
259.75	0.0017385999
260.25	0.04217363
260.75	0.03090085
261.25	0.11942861
261.75	0.0097738404
262.25	0.03355228
262.75	0.029138396
263.25	0.037694228
263.75	0.0024193896
264.25	0.0023960636
264.75	0.0069882537
265.25	0.046841132
265.75	0.031428795
266.25	0.11265244
266.75	0.071894862
267.25	0.097047412
267.75	0.048130333
268.25	0.094116153
268.75	0.048621055
269.25	0.042787914
269.75	0.078916812
270.25	0.040978617
270.75	0.044125043
271.25	0.057280868
271.75	0.060825804
272.25	0.010954275
272.75	0.020155022
273.25	0.051432699
273.75	0.013520612
274.25	0.01014955
274.75	0.013098974
275.25	0.048968514
275.75	0.02928054
276.25	0.049447471
276.75	0.056342162
277.25	0.047787296
277.75	0.066107468
278.25	0.041187963
278.75	0.0060014722
279.25	0.0445608
279.75	0.034525863
280.25	0.050990382
280.75	0.011463063
281.25	0.087574975
281.75	0.0074275132
282.25	0.06039628
282.75	0.030393719
283.25	0.047456517
283.75	0.027059345
284.25	0.046091828
284.75	0.070576925
285.25	0.0048540533
285.75	0.046814905
286.25	0.032942676
286.75	0.025819733
287.25	0.027321691
287.75	0.0049474092
288.25	0.0072801837
288.75	0.0030850647
289.25	0.0099574636
289.75	0.033110879
290.25	0.038546979
290.75	0.025879163
291.25	0.0043168049
291.75	0.020200105
292.25	0.033726891
292.75	0.03243198
293.25	0.021999067
293.75	0.02879058
294.25	0.06319189
294.75	0.027516679
295.25	0.011467701
295.75	0.016045858
296.25	0.0021966623
296.75	0.0097376282
297.25	0.057353691
297.75	0.019111087
298.25	0.032871785
298.75	0.01327155
299.25	0.0057594427
299.75	0.0045776467
300.25	0.011587701
300.75	0.0051651997
301.25	0.0068506591
301.75	0.025476602
302.25	0.010211488
302.75	0.0022102188
303.25	0.0116318
303.75	0.082356686
304.25	0.0053015185
304.75	0.0071372986
305.25	0.011235683
305.75	0.041247011
306.25	0.06952994
306.75	0.029720933
307.25	0.036605314
307.75	0.026419608
308.25	0.0099795214
308.75	0.011345786
309.25	0.0024830496
309.75	0.0071018235
310.25	0.025472223
310.75	0.0070786175
311.25	0.01212889
311.75	0.038599863
312.25	0.0038024301
312.75	0.032763426
313.25	0.0035903002
313.75	0.0028991992
314.25	0.022239692
314.75	0.0030136438
315.25	0.0026181383
315.75	0.035121165
316.25	0.033487036
316.75	0.039320929
317.25	0.057730655
317.75	0.25793132
318.25	0.038915916
318.75	0.03571088
319.25	0.0025789485
319.75	0.031740638
320.25	0.044749693
320.75	0.0064730623
321.25	0.0069661322
321.75	0.032115052
322.25	0.014777405
322.75	0.026864064
323.25	0.0045804453
323.75	0.028578204
324.25	0.010340743
324.75	0.051357399
325.25	0.0083449764
325.75	0.013140115
326.25	0.0031799649
326.75	0.0042375653
327.25	0.0076357528
327.75	0.0028252535
328.25	0.062571274
328.75	0.0055531907
329.25	0.025387604
329.75	0.0054749921
330.25	0.0079166935
330.75	0.034470293
331.25	0.027942935
331.75	0.0018551498
332.25	0.03009167
332.75	0.026484465
333.25	0.010161667
333.75	0.096719534
334.25	0.01891923
334.75	0.087759157
335.25	0.046107555
335.75	0.029043694
336.25	0.020653123
336.75	0.013646921
337.25	0.0018804087
337.75	0.019555919
338.25	0.017756923
338.75	0.056338566
339.25	0.0047277629
339.75	0.028965668
340.25	0.086444181
340.75	0.0014520015
341.25	0.037597823
341.75	0.0020017315
342.25	0.036696134
342.75	0.02656667
343.25	0.025688435
343.75	0.020005714
344.25	0.024710577
344.75	0.0019585333
345.25	0.0025173427
345.75	0.023912037
346.25	0.0016065259
346.75	0.0039036951
347.25	0.0047155815
347.75	0.0050221172
348.25	0.048094604
348.75	0.0046477744
349.25	0.011039792
349.75	0.047140129
350.25	0.035768073
350.75	0.011189762
351.25	0.004475525
351.75	0.0046959509
352.25	0.020014621
352.75	0.029057931
353.25	0.0076826422
353.75	0.043051653
354.25	0.0058498984
354.75	0.0083645154
355.25	0.011871467
355.75	0.015395612
356.25	0.0017686498
356.75	0.0063223543
357.25	0.028032941
357.75	0.014235913
358.25	0.0024187162
358.75	0.014907122
359.25	0.035364192
359.75	0.011079479
360.25	0.03606727
360.75	0.032024951
361.25	0.060004346
361.75	0.052659948
362.25	0.0019697902
362.75	0.090129721
363.25	0.0466871
363.75	0.10874463
364.25	0.062966736
364.75	0.011340419
365.25	0.041017936
365.75	0.04132555
366.25	0.0056977717
366.75	0.071864544
367.25	0.09691389
367.75	0.1217554
368.25	0.089911535
368.75	0.052662827
369.25	0.062685536
369.75	0.027601211
370.25	0.012961791
370.75	0.027226036
371.25	0.016901003
371.75	0.015571354
372.25	0.052430245
372.75	0.026275286
373.25	0.035230991
373.75	0.02051457
374.25	0.0038971765
374.75	0.0021353452
375.25	0.086742932
375.75	0.036270835
376.25	0.010395688
376.75	0.0021179807
377.25	0.057120099
377.75	0.054875645
378.25	0.022770084
378.75	0.0070490087
379.25	0.01105036
379.75	0.0027883311
380.25	0.017462866
380.75	0.078933842
381.25	0.033452522
381.75	0.046883232
382.25	0.035814283
382.75	0.013867378
383.25	0.00069449772
383.75	0.065967939
384.25	0.099135939
384.75	0.031016428
385.25	0.013092153
385.75	0.049247613
386.25	0.10569331
386.75	0.00067905858
387.25	0.0016698684
387.75	0.022902196
388.25	0.019388967
388.75	0.039607302
389.25	0.02630353
389.75	0.0023643152
390.25	0.023882371
390.75	0.026973365
391.25	0.0018508413
391.75	0.022658035
392.25	0.013792627
392.75	0.031727374
393.25	0.01991792
393.75	0.049366132
394.25	0.059545621
394.75	0.010800811
395.25	0.00043677444
395.75	0.018547545
396.25	0.0040179832
396.75	0.0048492265
397.25	0.070185497
397.75	0.015491031
398.25	0.0032008904
398.75	0.028352918
399.25	0.002667769
399.75	0.075339861
400.25	0.042987506
400.75	0.0013527666
401.25	0.0036945217
401.75	0.0049089648
402.25	0.0013611201
402.75	0.0028996942
403.25	0.0023164323
403.75	0.0041445562
404.25	0.0046660387
404.75	0.025313835
405.25	0.010351629
405.75	0.033172587
406.25	0.014717853
406.75	0.023295151
407.25	0.055695386
407.75	0.0030153951
408.25	0.038900178
408.75	0.0035727135
409.25	0.038990881
409.75	0.058700653
410.25	0.058953753
410.75	0.011501732
411.25	0.001327345
411.75	0.0020952396
412.25	0.02857613
412.75	0.0021748582
413.25	0.039612918
413.75	0.060912488
414.25	0.040324322
414.75	0.058401475
415.25	0.054342347
415.75	0.066561784
416.25	0.072917746
416.75	0.083732671
417.25	0.13767397
417.75	0.0039950256
418.25	0.10602026
418.75	0.087953607
419.25	0.10470654
419.75	0.10881872
420.25	0.12957092
420.75	0.16101579
421.25	0.13906169
421.75	0.12710081
422.25	0.15380654
422.75	0.11091399
423.25	0.12491248
423.75	0.12121192
424.25	0.13114887
424.75	0.099676065
425.25	0.11849206
425.75	0.12850062
426.25	0.14110761
426.75	0.083441427
427.25	0.0056909951
427.75	0.11492473
428.25	0.092226983
428.75	0.10213108
429.25	0.087290745
429.75	0.14952608
430.25	0.1589736
430.75	0.14625183
431.25	0.1451701
431.75	0.091550275
432.25	0.15875195
432.75	0.20496972
433.25	0.12655019
433.75	0.12061957
434.25	0.20870035
434.75	0.10739484
435.25	0.14179417
435.75	0.13620004
436.25	0.10666319
436.75	0.0030244399
437.25	0.099237713
437.75	0.074085018
438.25	0.056412338
438.75	0.043737723
439.25	0.084937456
439.75	0.11279644
440.25	0.12532843
440.75	0.1045719
441.25	0.073098403
441.75	0.0030645922
442.25	0.05777831
442.75	0.075057804
443.25	0.076284679
443.75	0.097492743
444.25	0.072603134
444.75	0.085491375
445.25	0.066243051
445.75	0.073387827
446.25	0.086529043
446.75	0.11057325
447.25	0.032826672
447.75	0.095749933
448.25	0.10446582
448.75	0.07722982
449.25	0.074893567
449.75	0.046018452
450.25	0.052508291
450.75	0.059732737
451.25	0.062007735
451.75	0.065046469
452.25	0.014272131
452.75	0.08657987
453.25	0.094323592
453.75	0.096950924
454.25	0.1022728
454.75	0.065956309
455.25	0.10083075
455.75	0.0037410044
456.25	0.063472425
456.75	0.14525455
457.25	0.054566483
457.75	0.084351917
458.25	0.11188713
458.75	0.055526617
459.25	0.076570053
459.75	0.10511287
460.25	0.076374405
460.75	0.11298641
461.25	0.043368589
461.75	0.074943199
462.25	0.071780713
462.75	0.057046088
463.25	0.092607548
463.75	0.090848076
464.25	0.071758876
464.75	0.060226196
465.25	0.10901128
465.75	0.061224988
466.25	0.078120158
466.75	0.071956043
467.25	0.086989451
467.75	0.11022539
468.25	0.0024450884
468.75	0.13867329
469.25	0.10444915
469.75	0.10195049
470.25	0.11439792
470.75	0.094799409
471.25	0.14256426
471.75	0.11750955
472.25	0.10561167
472.75	0.097477561
473.25	0.1169968
473.75	0.15329935
474.25	0.16861924
474.75	0.096986551
475.25	0.14104239
475.75	0.1779633
476.25	0.1169758
476.75	0.083376424
477.25	0.068004114
477.75	0.031791631
478.25	0.10798082
478.75	0.072521191
479.25	0.077367782
479.75	0.11290086
480.25	0.17714829
480.75	0.097474511
481.25	0.097940858
481.75	0.10017429
482.25	0.093989216
482.75	0.078210711
483.25	0.080745329
483.75	0.11560242
484.25	0.079355161
484.75	0.070470983
485.25	0.13914737
485.75	0.13973862
486.25	0.10555264
486.75	0.0658403
487.25	0.046326806
487.75	0.081562434
488.25	0.15960563
488.75	0.088609186
489.25	0.17503911
489.75	0.12792981
490.25	0.10489797
490.75	0.11998331
491.25	0.006805317
491.75	0.14013628
492.25	0.14423005
492.75	0.095112955
493.25	0.13876271
493.75	0.17889108
494.25	0.12113273
494.75	0.15799585
495.25	0.14847331
495.75	0.11095317
496.25	0.1271386
496.75	0.25461235
497.25	0.22081838
497.75	0.21324639
498.25	0.21622529
498.75	0.20903826
499.25	0.20369518
499.75	0.0030426357
500.25	0.21717295
500.75	0.25640273
501.25	0.22801357
501.75	0.14665451
502.25	0.25999649
502.75	0.14308336
503.25	0.2088687
503.75	0.26879501
504.25	0.24828014
504.75	0.33677311
505.25	0.30524848
505.75	0.30917519
506.25	0.34393001
506.75	0.28323769
507.25	0.36633927
507.75	0.35358099
508.25	0.32060421
508.75	0.43357793
509.25	0.42823203
509.75	0.45098423
510.25	0.43455354
510.75	0.35713347
511.25	0.40850622
511.75	0.40924343
512.25	0.42971947
512.75	0.47183959
513.25	0.41968581
513.75	0.45097732
514.25	0.44634465
514.75	0.4503013
515.25	0.51370786
515.75	0.34616046
516.25	0.41637966
516.75	0.38451981
517.25	0.50167781
517.75	0.49161018
518.25	0.22371433
518.75	0.14503648
519.25	0.46160402
519.75	0.45544093
520.25	0.49196985
520.75	0.036413972
521.25	0.0051348452
521.75	0.11265163
522.25	0.072367194
522.75	0.0065604955
523.25	0.097981067
523.75	0.097779221
524.25	0.060682983
524.75	0.024016515
525.25	0.0042338139
525.75	0.13028568
526.25	0.070789391
526.75	0.037565911
527.25	0.077522485
527.75	0.050289153
528.25	0.11270559
528.75	0.0064869504
529.25	0.051597851
529.75	0.11264139
530.25	0.1222401
530.75	0.056993869
531.25	0.0039562448
531.75	0.15390346
532.25	0.12597069
532.75	0.1704219
533.25	0.20541379
533.75	0.14122776
534.25	0.16463527
534.75	0.16122623
535.25	0.2289892
535.75	0.3078019
536.25	0.12726132
536.75	0.23378928
537.25	0.1967422
537.75	0.21367667
538.25	0.16550609
538.75	0.18224957
539.25	0.17769682
539.75	0.20952129
540.25	0.19600091
540.75	0.31190864
541.25	0.28567646
541.75	0.31150135
542.25	0.25176274
542.75	0.27490563
543.25	0.27944472
543.75	0.34467169
544.25	0.32351182
544.75	0.34307965
545.25	0.33338965
545.75	0.3660851
546.25	0.40735742
546.75	0.34381868
547.25	0.30882305
547.75	0.35475293
548.25	0.36394857
548.75	0.29170749
549.25	0.27682867
549.75	0.2946384
550.25	0.2934876
550.75	0.28288571
551.25	0.29711419
551.75	0.28504808
552.25	0.29374149
552.75	0.34955141
553.25	0.28071597
553.75	0.27088566
554.25	0.28898291
554.75	0.24317062
555.25	0.26955106
555.75	0.27108133
556.25	0.32186324
556.75	0.25541339
557.25	0.28010735
557.75	0.36228381
558.25	0.32747764
558.75	0.41887034
559.25	0.37521615
559.75	0.36312765
560.25	0.37547403
560.75	0.29187493
561.25	0.31086988
561.75	0.38217251
562.25	0.36616075
562.75	0.38475344
563.25	0.39118657
563.75	0.37958844
564.25	0.33761588
564.75	0.35234842
565.25	0.19760012
565.75	0.48251219
566.25	0.33857075
566.75	0.46806543
567.25	0.41010703
567.75	0.41658796
568.25	0.3624615
568.75	0.38027699
569.25	0.5046739
569.75	0.39921866
570.25	0.51925318
570.75	0.58354072
571.25	0.5406779
571.75	0.47284315
572.25	0.55321354
572.75	0.56734376
573.25	0.54000615
573.75	0.55662466
574.25	0.58973145
574.75	0.54995348
575.25	0.5330619
575.75	0.56303572
576.25	0.57959647
576.75	0.6653602
577.25	0.57215304
577.75	0.61103865
578.25	0.6095596
578.75	0.52390279
579.25	0.60080691
579.75	0.5523251
580.25	0.69071051
580.75	0.70640625
581.25	0.45265403
581.75	0.51620416
582.25	0.44879032
582.75	0.3835443
583.25	0.38130479
583.75	0.73683618
584.25	0.74362216
584.75	0.72812814
585.25	0.90970387
585.75	0.86541674
586.25	0.89541614
586.75	0.73870129
587.25	0.69997768
587.75	0.68641384
588.25	0.75384849
588.75	0.70151865
589.25	0.83287311
589.75	0.57749051
590.25	0.55987049
590.75	0.50991082
591.25	0.54457705
591.75	0.43839454
592.25	0.48815035
592.75	0.49657156
593.25	0.51146507
593.75	0.69825765
594.25	0.70436455
594.75	0.75684144
595.25	0.73472256
595.75	0.61061903
596.25	0.6148085
596.75	0.63734639
597.25	0.58718337
597.75	0.80141739
598.25	0.84365236
598.75	0.85876903
599.25	0.77496137
599.75	0.75351448
600.25	0.74853348
600.75	0.80622806
601.25	0.78500044
601.75	0.82958908
602.25	0.79623782
602.75	0.7883157
603.25	0.76059756
603.75	0.79983541
604.25	0.76723768
604.75	0.73152217
605.25	0.69317765
605.75	0.70838494
606.25	0.72914378
606.75	0.60157931
607.25	0.62478552
607.75	0.70050067
608.25	0.63591524
608.75	0.51442213
609.25	0.34581805
609.75	0.25020315
610.25	0.29275166
610.75	0.19252725
611.25	0.28195296
611.75	0.17176868
612.25	0.21766083
612.75	0.1776011
613.25	0.18074625
613.75	0.16840417
614.25	0.15566384
614.75	0.15621981
615.25	0.17133883
615.75	0.13185832
616.25	0.10249203
616.75	0.083115528
617.25	0.13059651
617.75	0.14418464
618.25	0.29496181
618.75	0.15405499
619.25	0.12864858
619.75	0.14385738
620.25	0.10523481
620.75	0.095541739
621.25	0.10931164
621.75	0.10869555
622.25	0.11465238
622.75	0.15217955
623.25	0.14295965
623.75	0.14560351
624.25	0.12085825
624.75	0.087488902
625.25	0.18641359
625.75	0.20290466
626.25	0.26074847
626.75	0.23251338
627.25	0.200238
627.75	0.13001261
628.25	0.11180391
628.75	0.17846719
629.25	0.19461444
629.75	0.19905449
630.25	0.16971562
630.75	0.13396406
631.25	0.08708165
631.75	0.1268714
632.25	0.34868185
632.75	0.29994592
633.25	0.25898478
633.75	0.29881738
634.25	0.28053656
634.75	0.28518296
635.25	0.29479876
635.75	0.31772029
636.25	0.28997807
636.75	0.29563037
637.25	0.23963325
637.75	0.25727663
638.25	0.28174873
638.75	0.24814171
639.25	0.28769766
639.75	0.26173056
640.25	0.28001103
640.75	0.28944908
641.25	0.2529284
641.75	0.29544269
642.25	0.28370963
642.75	0.26276252
643.25	0.32992971
643.75	0.36432815
644.25	0.32340769
644.75	0.34021467
645.25	0.36508816
645.75	0.36704218
646.25	0.37745373
646.75	0.34528013
647.25	0.38533747
647.75	0.42085447
648.25	0.45100639
648.75	0.38882953
649.25	0.4541635
649.75	0.46766281
650.25	0.47098825
650.75	0.51794101
651.25	0.46992486
651.75	0.42655513
652.25	0.65215467
652.75	0.65162042
653.25	0.61652155
653.75	0.60551123
654.25	0.59807344
654.75	0.57876361
655.25	0.62446135
655.75	0.57937145
656.25	0.61483992
656.75	0.6200223
657.25	0.70509624
657.75	0.98889776
658.25	0.91484538
658.75	0.95407893
659.25	0.97940695
659.75	0.94829514
660.25	0.85734536
660.75	0.90911581
661.25	0.91854164
661.75	0.92726882
662.25	0.87580165
662.75	0.93190271
663.25	0.73689711
663.75	0.85010978
664.25	0.66118254
664.75	0.69072149
665.25	0.56790175
665.75	0.81153701
666.25	0.85237165
666.75	0.80396372
667.25	0.71011832
667.75	0.78598267
668.25	0.77846267
668.75	0.7544964
669.25	0.77093412
669.75	0.69956923
670.25	0.76218169
670.75	0.67142923
671.25	0.68978297
671.75	0.67858366
672.25	0.63120597
672.75	0.65931163
673.25	0.65637617
673.75	0.61428817
674.25	0.71992513
674.75	0.52906623
675.25	0.28193179
675.75	0.5104808
676.25	0.46115817
676.75	0.48613331
677.25	0.46861995
677.75	0.29026649
678.25	0.21335039
678.75	0.11888513
679.25	0.15715953
679.75	0.22784933
680.25	0.18200682
680.75	0.13807775
681.25	0.15488044
681.75	0.12142024
682.25	0.12425374
682.75	0.093763128
683.25	0.12202714
683.75	0.12968435
684.25	0.11728214
684.75	0.059043265
685.25	0.09102322
685.75	0.14612036
686.25	0.15881735
686.75	0.15028365
687.25	0.18390859
687.75	0.13936108
688.25	0.073777007
688.75	0.024400322
689.25	0.087488366
689.75	0.12425408
690.25	0.10938885
690.75	0.14973095
691.25	0.17215593
691.75	0.077141538
692.25	0.038552986
692.75	0.12556363
693.25	0.098580228
693.75	0.18763934
694.25	0.10724427
694.75	0.17868905
695.25	0.15896185
695.75	0.28489929
696.25	0.38122621
696.75	0.27907089
697.25	0.25582712
697.75	0.1367331
698.25	0.086377569
698.75	0.1385475
699.25	0.0034214591
699.75	0.087203385
700.25	0.0093426392
700.75	0.066852746
701.25	0.075528643
701.75	0.11718729
702.25	0.050441008
702.75	0.11740328
703.25	0.13637338
703.75	0.14451444
704.25	0.070129018
704.75	0.0072915566
705.25	0.053743803
705.75	0.084601967
706.25	0.11658785
706.75	0.12311359
707.25	0.1647628
707.75	0.1893261
708.25	0.18209467
708.75	0.18024758
709.25	0.17511087
709.75	0.18037271
