depth	min	max	median	mean
0	-69.5	-69.5	-69.5	-69.5
1	-68	-65.7	-66.4	-66.7
2	-66.5	-61.9	-63.3	-63.9
3	-65	-58.2	-60.2	-61.1
4	-63.6	-54.4	-57.1	-58.4
5	-61.7	-49.8	-52.7	-54.7
6	-60	-44.7	-48.4	-51
7	-58.3	-39.4	-44.2	-47.4
8	-56.6	-34	-40.1	-43.7
9	-54.3	-32.9	-37.7	-41.6
10	-52.1	-31.2	-35.7	-39.4
11	-50	-28.1	-34.2	-37.3
12	-48	-24	-32.9	-35.1
13	-46.4	-23.5	-32.1	-34.1
14	-44.8	-22.8	-31.5	-33.1
15	-43.3	-21.9	-30.7	-32
16	-41.9	-20.9	-30.1	-31
17	-40.1	-20.4	-29.1	-29.9
18	-38.5	-19.9	-28.2	-28.8
19	-36.9	-19.1	-27.3	-27.7
20	-35.5	-18.2	-26.3	-26.6
21	-34	-17.7	-25.1	-25.5
22	-32.6	-17.1	-24	-24.4
23	-31.3	-16.4	-22.8	-23.2
24	-30.1	-15.3	-21.8	-22.1
25	-28.7	-14.9	-20.7	-21.1
26	-27.4	-14.4	-19.7	-20.1
27	-26.1	-13.7	-18.7	-19.2
28	-25.1	-12.8	-17.7	-18.2
29	-22.8	-12.5	-16.8	-17.1
30	-20.7	-12.2	-15.8	-16
31	-18.9	-11.7	-14.8	-14.9
32	-17.3	-10.9	-13.7	-13.8
33	-16	-10.3	-12.8	-12.9
34	-15.1	-9.2	-11.9	-12
35	-14.4	-7.7	-11.1	-11.1
36	-13.9	-5.9	-10.2	-10.1
37	-12.9	-5.5	-9.5	-9.4
38	-12.3	-4.9	-8.8	-8.7
39	-11.7	-4.2	-8	-8
40	-11.2	-3.3	-7.3	-7.3
41	-9.9	-2.7	-6.6	-6.5
42	-8.6	-2.2	-5.8	-5.7
43	-7.7	-1.4	-5	-4.9
44	-6.9	-0.5	-4.3	-4.1
45	-5.3	0.7	-2.9	-2.8
46	-4.4	2.4	-1.6	-1.5
47	-3.8	4.6	-0.3	-0.1
48	-3.3	7.1	0.9	1.2
49	-1.2	8.6	3.1	3.2
50	0.3	10.5	5.3	5.3
51	1.5	13	7.3	7.3
52	2.4	16.2	9.4	9.4
53	5.6	16.8	11.1	11.1
54	8.4	17.6	12.8	12.8
55	10.6	18.6	14.6	14.6
56	12.4	20.1	16.3	16.3
57	15.7	21.2	18.5	18.5
58	18.1	23	20.7	20.6
59	19.5	25.7	23	22.8
60	20.4	28.9	25.2	25
61	22.3	29.3	26.2	26.1
62	23.7	29.9	27.3	27.2
63	24.7	31	28.5	28.3
64	25.4	32.9	29.5	29.4
65	26	33.7	30.1	30.1
66	26.5	34.8	30.8	30.8
67	26.9	36.3	31.4	31.4
68	27.3	38	31.9	32.1
69	27.9	38.6	32.6	32.8
70	28.4	39.4	33.2	33.4
71	28.8	40.5	33.9	34.1
72	29.2	41.7	34.5	34.8
73	29.7	42.3	35.1	35.4
74	30.2	43.1	35.8	36
75	30.6	43.9	36.4	36.6
76	30.9	44.9	36.9	37.3
77	31.5	45.5	37.6	37.9
78	31.9	46.2	38.2	38.5
79	32.3	47	38.8	39.1
80	32.7	48	39.4	39.7
81	33.3	48.5	39.9	40.3
82	33.9	49.1	40.6	40.9
83	34.3	49.9	41.2	41.5
84	34.7	50.8	41.8	42.1
85	35.3	51.3	42.4	42.7
86	35.8	51.9	43	43.3
87	36.3	52.6	43.6	43.9
88	36.7	53.5	44.2	44.4
89	37.1	54	44.8	45
90	37.6	54.6	45.5	45.6
91	38.1	55.2	46	46.2
92	38.5	56.1	46.6	46.8
93	39	56.6	47.2	47.4
94	39.5	57.1	47.8	47.9
95	39.9	57.7	48.4	48.5
96	40.3	58.4	48.9	49
97	41	58.9	49.5	49.6
98	41.5	59.5	50.1	50.2
99	42.1	60.2	50.8	50.9
100	42.5	61	51.4	51.5
101	43.1	61.5	52	52.1
102	43.6	62	52.6	52.6
103	44.1	62.8	53.2	53.2
104	44.5	63.6	53.7	53.8
105	45.1	64.1	54.3	54.4
106	45.7	64.6	54.9	55
107	46.2	65.3	55.5	55.6
108	46.8	65.9	56	56.1
109	47.5	66.4	56.6	56.7
110	48.1	66.9	57.2	57.3
111	48.6	67.4	57.9	57.9
112	49	68.1	58.4	58.4
113	49.8	68.6	59	59
114	50.3	69.2	59.6	59.6
115	50.8	69.8	60.2	60.2
116	51.3	70.5	60.7	60.8
117	51.9	71	61.3	61.3
118	52.6	71.5	61.9	61.9
119	53.1	72	62.5	62.5
120	53.6	72.7	63	63.1
121	54.3	73.2	63.7	63.7
122	54.9	73.6	64.3	64.3
123	55.4	74.2	64.9	64.9
124	56	74.9	65.5	65.5
125	56.8	75.3	66.1	66.1
126	57.5	75.8	66.7	66.7
127	58	76.4	67.3	67.3
128	58.7	77	67.9	67.9
129	59.5	77.4	68.5	68.5
130	60.2	78	69.1	69.1
131	60.8	78.5	69.7	69.7
132	61.6	79.3	70.3	70.3
133	62.5	79.7	70.9	70.9
134	63.1	80.1	71.4	71.5
135	63.7	80.6	72	72
136	64.3	81.2	72.5	72.6
137	65.1	81.6	73.1	73.2
138	65.9	82.2	73.7	73.8
139	66.6	82.7	74.3	74.4
140	67.1	83.3	74.9	75
141	68.2	83.8	75.5	75.6
142	68.9	84.2	76.1	76.2
143	69.6	84.8	76.7	76.8
144	70.2	85.6	77.3	77.4
145	71.3	86.1	77.8	78
146	72.3	86.5	78.4	78.6
147	73.1	87	79	79.2
148	73.8	87.8	79.5	79.8
149	74.9	88.3	80.1	80.5
150	75.8	89	80.7	81.1
151	76.5	89.7	81.4	81.8
152	77.2	90.5	82	82.5
153	77.9	91.5	83	83.4
154	78.5	92.8	83.9	84.3
155	79.1	94.4	84.7	85.2
156	79.5	96.2	85.5	86.1
157	80.2	97.2	86.5	87
158	80.8	98.8	87.4	88
159	81.2	100.2	88.3	88.9
160	81.7	102.1	89.2	89.9
161	82.4	103.1	90.2	90.8
162	83.1	104.3	91.2	91.8
163	83.6	105.6	92.1	92.7
164	84	107.2	93	93.7
165	84.8	108	94	94.6
166	85.4	109.1	94.9	95.5
167	85.9	110.4	95.8	96.4
168	86.5	111.8	96.7	97.3
169	87.4	113	97.7	98.3
170	88.1	114.1	98.6	99.2
171	88.7	115.2	99.6	100.2
172	89.2	116.8	100.5	101.2
173	90	117.8	101.5	102.1
174	90.7	118.9	102.4	103
175	91.4	120.5	103.3	104
176	92	121.9	104.3	104.9
177	92.9	123.1	105.2	105.9
178	93.5	124.3	106.2	106.8
179	94.2	125.3	107.1	107.8
180	94.7	126.8	108	108.7
181	95.6	127.9	109	109.7
182	96.5	129.3	110	110.7
183	97.1	130.3	111	111.7
184	97.8	131.6	111.9	112.6
185	98.7	132.7	112.9	113.6
186	99.5	133.7	113.8	114.5
187	100.2	135	114.8	115.5
188	100.8	136.4	115.7	116.5
189	101.8	137.2	116.6	117.4
190	102.6	138.5	117.6	118.4
191	103.4	140	118.5	119.4
192	103.9	141.2	119.5	120.3
193	104.8	142.1	120.5	121.3
194	105.7	143.1	121.4	122.2
195	106.5	144	122.4	123.2
196	107.2	145.5	123.3	124.2
197	108.3	146.6	124.3	125.1
198	109	147.9	125.2	126.1
199	109.8	149.2	126.1	127
200	110.5	150.6	127.2	128
201	111.4	151.6	128.1	128.9
202	112.2	152.5	129	129.9
203	112.9	153.5	130	130.8
204	113.5	154.5	130.9	131.7
205	114.5	155.7	131.8	132.7
206	115.4	156.7	132.7	133.6
207	116.2	158	133.7	134.6
208	116.8	159.3	134.6	135.5
209	117.7	160.2	135.5	136.5
210	118.5	161	136.4	137.4
211	119.3	162.4	137.4	138.4
212	120	163.8	138.3	139.3
213	120.9	164.9	139.3	140.3
214	121.7	166	140.3	141.3
215	122.5	167.2	141.3	142.3
216	123.3	168.5	142.3	143.3
217	124.2	169.5	143.2	144.2
218	125	170.7	144.2	145.2
219	125.9	171.8	145.2	146.2
220	126.6	173.1	146.2	147.1
221	127.5	174.2	147.2	148.1
222	128.4	175.2	148.1	149
223	129.2	176.1	149.1	149.9
224	129.9	177.4	150	150.9
225	131	178.3	151	151.9
226	131.9	179.5	151.9	152.8
227	132.7	180.6	153	153.8
228	133.4	181.8	154	154.8
229	134.3	182.7	154.9	155.7
230	135.3	183.7	155.8	156.7
231	136.2	185.1	156.6	157.7
232	137.1	186.1	157.6	158.6
233	138.1	187.2	158.6	159.6
234	139.2	188.1	159.5	160.6
235	140	189.4	160.4	161.5
236	140.7	190.5	161.4	162.5
237	141.8	191.5	162.3	163.4
238	142.7	192.6	163.3	164.4
239	143.6	193.4	164.4	165.4
240	144.5	194.4	165.3	166.3
241	145.6	195.4	166.3	167.3
242	146.6	196.4	167.2	168.2
243	147.4	197.5	168.2	169.2
244	148.5	198.6	169.2	170.2
245	149.3	199.6	170.1	171.1
246	150.2	200.6	171.2	172.1
247	151.1	201.6	172.2	173.1
248	151.8	202.7	173.2	174
249	152.7	203.6	174.2	175
250	153.6	204.6	175.2	175.9
251	154.4	205.6	176.2	176.9
252	155.3	206.7	177.1	177.9
253	156.3	207.6	178.1	178.9
254	157.1	208.7	179	179.9
255	157.8	209.8	180.1	180.9
256	158.4	210.8	181	181.9
257	159.4	211.8	182	182.8
258	160.2	212.7	182.9	183.8
259	160.9	214	183.9	184.8
260	161.8	215.1	184.9	185.8
261	162.7	216.3	186	186.8
262	163.6	217.3	186.9	187.8
263	164.4	218.5	187.9	188.8
264	165.2	219.6	189	189.8
265	166.1	220.8	190	190.8
266	167.1	221.9	191	191.8
267	168	222.9	192	192.8
268	168.8	223.9	192.9	193.8
269	169.8	224.9	193.9	194.8
270	170.5	226	195	195.8
271	171.4	227	196	196.8
272	172	228.2	196.9	197.7
273	173	228.9	197.8	198.7
274	173.9	229.9	198.8	199.7
275	174.8	230.6	199.8	200.7
276	175.5	231.9	200.9	201.7
277	176.5	232.7	201.9	202.7
278	177.4	233.6	202.9	203.6
279	178.2	235.1	203.9	204.6
280	179	236.2	204.9	205.6
281	180	237.2	205.9	206.6
282	181	238.1	206.9	207.6
283	181.7	239.3	207.9	208.6
284	182.6	240.3	208.9	209.6
285	183.5	241.5	209.9	210.6
286	184.3	242.4	210.9	211.6
287	185.2	243.8	211.9	212.6
288	185.9	244.9	212.8	213.6
289	187	245.9	213.8	214.6
290	187.8	247	214.8	215.6
291	188.6	248.1	215.8	216.6
292	189.3	249.3	216.8	217.5
293	190.4	250.1	217.9	218.5
294	191.1	251.3	218.9	219.5
295	192.1	252.5	219.8	220.5
296	192.9	253.8	220.7	221.5
297	194	254.6	221.8	222.5
298	194.7	255.4	222.7	223.5
299	195.7	256.4	223.7	224.5
300	196.4	257.2	224.8	225.5
301	197.3	258.4	225.8	226.5
302	198.2	259.6	226.9	227.4
303	199.1	260.9	227.9	228.4
304	200.1	261.9	228.8	229.4
305	201.2	262.7	229.8	230.4
306	202.2	263.4	230.8	231.4
307	203.2	264.5	231.8	232.4
308	204	265.5	232.9	233.4
309	204.9	266.5	233.9	234.4
310	205.8	267.5	234.9	235.4
311	206.7	268.6	235.9	236.4
312	207.6	269.7	236.8	237.4
313	208.5	270.5	237.9	238.4
314	209.4	271.5	238.9	239.4
315	210.4	272.5	239.9	240.4
316	211.2	273.6	240.8	241.4
317	212.3	274.7	241.9	242.4
318	213.3	275.7	242.9	243.4
319	214.2	276.8	243.9	244.4
320	215.1	278	245	245.4
321	216	278.9	246	246.4
322	216.9	280	246.9	247.4
323	217.8	281	248	248.5
324	218.7	282.2	249	249.5
325	220	283	250	250.5
326	220.7	283.7	250.9	251.4
327	221.8	285	252	252.4
328	222.9	286.1	253.1	253.4
329	223.7	287.1	254	254.4
330	224.8	288.1	255	255.4
331	225.7	289.1	255.9	256.4
332	226.5	290.1	257	257.4
333	227.4	291.3	258	258.4
334	228.5	292.2	259	259.4
335	229.5	293.2	260	260.3
336	230.4	294.2	261	261.3
337	231.6	295	262	262.3
338	232.6	296.1	262.9	263.3
339	233.6	297.1	263.9	264.3
340	234.3	298.1	264.8	265.2
341	235.3	299.1	265.8	266.2
342	236.1	300.2	266.8	267.2
343	236.9	301.2	267.8	268.1
344	237.8	302.5	268.7	269.1
345	238.8	303.3	269.8	270.1
346	240	304.1	270.7	271.1
347	240.8	305.1	271.7	272.1
348	241.8	306	272.7	273.1
349	242.9	306.9	273.6	274.1
350	243.8	308.2	274.7	275.1
351	244.9	309.1	275.7	276
352	245.7	310.3	276.7	277
353	246.7	311.2	277.6	278
354	247.4	312	278.7	279
355	248.3	312.9	279.6	280
356	249.2	314.2	280.6	281
357	250.1	314.8	281.6	281.9
358	251	316	282.5	282.9
359	251.9	317.1	283.6	283.9
360	252.6	318.1	284.5	284.9
361	253.8	319.1	285.5	285.9
362	255	320.1	286.4	286.8
363	255.8	321	287.4	287.8
364	256.7	322	288.5	288.8
365	257.7	323.1	289.4	289.8
366	258.6	324.2	290.5	290.8
367	259.6	325.3	291.4	291.8
368	260.5	326.2	292.4	292.8
369	261.1	327.3	293.4	293.7
370	262	328.1	294.4	294.7
371	262.8	329.2	295.5	295.7
372	263.6	330.3	296.4	296.7
373	264.5	331.5	297.4	297.7
374	265.5	332.4	298.4	298.7
375	266.4	333.2	299.3	299.6
376	267.4	334.2	300.3	300.6
377	268.6	335.1	301.3	301.6
378	269.7	336.3	302.4	302.6
379	270.6	337.4	303.4	303.6
380	271.3	338.5	304.4	304.6
381	272.4	339.3	305.4	305.5
382	273.6	340.2	306.5	306.5
383	274.4	341.4	307.5	307.5
384	275.3	342.5	308.4	308.5
385	276.7	343.4	309.5	309.5
386	277.6	344.6	310.5	310.6
387	278.6	345.9	311.6	311.6
388	279.5	346.8	312.6	312.6
389	280.6	347.7	313.6	313.6
390	281.7	348.4	314.6	314.6
391	282.4	349.4	315.6	315.5
392	283.4	350.4	316.5	316.5
393	284.5	351.4	317.5	317.5
394	285.4	352.5	318.4	318.5
395	286.2	353.6	319.5	319.5
396	287	354.5	320.4	320.5
397	287.8	355.7	321.4	321.5
398	288.9	356.8	322.4	322.5
399	289.9	358	323.4	323.5
400	290.9	359.2	324.3	324.5
401	291.8	360.2	325.3	325.4
402	292.9	360.8	326.2	326.4
403	293.8	361.5	327.3	327.4
404	294.7	362.7	328.3	328.4
405	295.7	363.5	329.3	329.4
406	296.6	364.6	330.3	330.4
407	297.4	365.6	331.2	331.4
408	298.2	366.9	332.3	332.4
409	299.1	367.7	333.2	333.4
410	300.2	368.2	334.1	334.4
411	301.1	369.3	335.1	335.4
412	302	370.2	336.1	336.3
413	303	371.2	337.1	337.3
414	303.9	372.4	338.1	338.3
415	304.9	373.6	339.1	339.3
416	305.7	374.7	340.1	340.3
417	306.9	375.5	341.1	341.3
418	308.2	376.4	342.2	342.2
419	309.1	377.4	343.1	343.2
420	309.8	378.5	344.1	344.2
421	311	379.3	345.1	345.2
422	311.9	380.2	346.1	346.2
423	313	381.2	347.1	347.1
424	313.8	382.4	348.1	348.1
425	314.8	383.3	349.1	349.1
426	316.1	384.4	350	350
427	317.1	385.3	351	351
428	317.9	386.5	351.9	352
429	319.2	387.2	353	353
430	320.1	388	354	354
431	321	389.1	355.1	354.9
432	321.9	390	356	355.9
433	322.9	390.7	357	356.9
434	324	391.7	358	357.9
435	324.8	392.7	359.1	358.8
436	325.6	393.6	360	359.8
437	326.6	394.8	361.1	360.8
438	327.5	395.6	362	361.8
439	328.2	396.9	363	362.8
440	329.2	397.8	363.9	363.8
441	330	398.7	365	364.8
442	331	399.7	366	365.8
443	332.1	400.7	366.9	366.8
444	332.8	401.8	367.9	367.8
445	333.8	402.7	368.9	368.8
446	335.1	403.4	369.9	369.7
447	335.9	404.5	370.8	370.7
448	336.9	405.8	371.8	371.7
449	338.1	406.5	372.8	372.7
450	339.1	407.5	373.8	373.7
451	340.2	408.5	374.8	374.7
452	340.8	409.8	375.8	375.7
453	342	410.7	376.8	376.7
454	343.1	411.6	377.9	377.6
455	343.8	412.4	378.8	378.6
456	344.9	413.6	379.8	379.6
457	346.1	414.2	380.8	380.6
458	347.1	415.1	381.8	381.6
459	348.3	416.2	382.8	382.6
460	349.1	417.4	383.7	383.6
461	350.3	418.1	384.8	384.6
462	351.5	419	385.9	385.6
463	352.5	419.8	386.9	386.6
464	353.3	420.9	387.9	387.6
465	354.2	422	388.9	388.6
466	355.2	423.1	389.9	389.6
467	356.2	424.1	390.8	390.6
468	357.4	425.3	391.8	391.6
469	358.5	426.3	392.8	392.6
470	359.5	427.2	393.7	393.5
471	360.6	428.4	394.8	394.5
472	361.7	429.4	395.8	395.5
473	362.8	430.4	396.8	396.5
474	363.7	431.3	397.7	397.5
475	364.7	432.4	398.7	398.5
476	365.5	433.5	399.7	399.5
477	366.6	434.2	400.7	400.5
478	367.7	435	401.8	401.5
479	368.6	435.9	402.6	402.4
480	369.3	436.9	403.6	403.4
481	370.5	437.8	404.6	404.4
482	371.5	438.6	405.7	405.4
483	372.5	439.6	406.6	406.4
484	373.2	440.7	407.6	407.4
485	374.5	441.6	408.6	408.4
486	375.5	442.4	409.6	409.4
487	376.7	443.7	410.5	410.4
488	377.6	444.7	411.5	411.4
489	378.7	445.5	412.5	412.4
490	380	446.4	413.5	413.4
491	380.8	447.4	414.6	414.4
492	381.7	448.3	415.5	415.4
493	382.7	449.2	416.5	416.4
494	383.8	450.1	417.4	417.4
495	384.7	451.2	418.4	418.4
496	385.4	452.5	419.4	419.4
497	386.4	453.6	420.3	420.4
498	387.2	454.4	421.3	421.3
499	388	455.5	422.3	422.3
500	388.9	456.5	423.3	423.3
501	390.4	457.2	424.3	424.3
502	391.3	458	425.3	425.3
503	392.5	458.9	426.3	426.3
504	393.5	459.8	427.3	427.2
505	394.5	460.7	428.3	428.2
506	395.5	461.6	429.3	429.2
507	396.4	462.6	430.3	430.2
508	397.4	463.8	431.2	431.2
509	398.7	464.6	432.2	432.2
510	399.8	465.4	433.2	433.2
511	401	466.4	434.1	434.1
512	401.9	467.6	435.1	435.1
513	402.9	468.5	436.1	436.1
514	403.9	469.3	437.2	437.1
515	405	470.4	438.2	438.1
516	405.9	471.4	439.3	439.2
517	406.9	472.3	440.3	440.2
518	407.8	473.2	441.3	441.2
519	408.8	474.2	442.4	442.2
520	409.8	475.1	443.4	443.3
521	411	476.1	444.4	444.3
522	412.2	477.2	445.5	445.3
523	413	478.2	446.5	446.3
524	414	479.1	447.5	447.3
525	415	480	448.5	448.3
526	416	481.1	449.4	449.3
527	417	482.1	450.4	450.3
528	417.7	483	451.4	451.3
529	418.7	483.9	452.4	452.4
530	419.9	484.8	453.5	453.4
531	421	485.7	454.7	454.4
532	422	486.8	455.8	455.4
533	423.1	487.7	456.8	456.4
534	424.1	488.5	457.8	457.4
535	425.2	489.7	459	458.4
536	426	490.7	460	459.5
537	427	491.6	461	460.5
538	427.7	492.5	461.9	461.5
539	428.7	493.2	463	462.4
540	429.5	494.4	463.9	463.4
541	430.7	495.2	465	464.5
542	431.6	496.1	466.1	465.5
543	432.7	497.1	467.1	466.5
544	433.6	498.2	468.1	467.5
545	434.9	499	469.1	468.6
546	436.1	500	470.1	469.6
547	437	501	471.2	470.6
548	437.9	502	472.1	471.6
549	439.2	503	473.1	472.6
550	440.3	504.1	474.1	473.7
551	441.3	505.2	475.1	474.7
552	442.3	506.2	476.2	475.7
553	443	507.1	477.1	476.7
554	444.1	508.1	478.1	477.7
555	445.1	509	479.1	478.7
556	446	510	480.2	479.7
557	447	511	481.2	480.7
558	448.2	511.9	482.3	481.7
559	449.3	512.9	483.3	482.8
560	450.2	514	484.4	483.8
561	451.5	514.6	485.3	484.8
562	452.4	515.6	486.3	485.7
563	453.6	516.8	487.2	486.7
564	454.3	518	488.2	487.7
565	455.5	518.7	489.2	488.7
566	456.3	519.5	490.3	489.7
567	457	520.4	491.3	490.7
568	457.8	521.4	492.3	491.7
569	459.2	522.2	493.4	492.7
570	460.1	523.1	494.3	493.7
571	461.1	524.1	495.3	494.7
572	462	524.9	496.3	495.8
573	463.1	526	497.3	496.8
574	464.4	527.1	498.3	497.8
575	465.3	528.1	499.3	498.8
576	466.2	529.4	500.2	499.8
577	467.4	530.2	501.2	500.8
578	468.2	530.8	502.2	501.8
579	469.1	531.5	503.3	502.7
580	470	532.6	504.2	503.7
581	471.3	533.4	505.2	504.7
582	472.4	534.2	506.2	505.7
583	473.4	535.1	507.2	506.7
584	474.3	536.1	508.2	507.7
585	475.9	537.1	509.2	508.7
586	476.8	538.1	510.2	509.7
587	477.7	539.1	511.2	510.7
588	478.9	540.1	512.2	511.7
589	480	540.7	513.1	512.7
590	481.2	541.5	514.1	513.7
591	482.2	542.3	515.1	514.7
592	483.3	543.4	516.1	515.7
593	484.3	544.3	517.1	516.7
594	485.1	545.1	518	517.7
595	486.1	546.3	519	518.7
596	486.9	547.2	520.1	519.6
597	488.4	548	521.2	520.7
598	489.4	548.9	522.3	521.7
599	490.6	550	523.4	522.7
600	491.7	551.1	524.4	523.7
601	492.6	552	525.4	524.7
602	493.4	553.2	526.4	525.7
603	494.3	554.3	527.4	526.6
604	495.3	555.6	528.4	527.6
605	496.1	556.5	529.4	528.6
606	496.9	557.3	530.3	529.6
607	497.7	558.5	531.4	530.6
608	498.4	559.6	532.3	531.5
609	499.5	560.7	533.3	532.5
610	500.1	561.9	534.4	533.5
611	500.8	563.2	535.3	534.5
612	501.5	564.6	536.3	535.5
613	502.6	565.6	537.2	536.4
614	503.2	566.7	538.1	537.4
615	503.9	567.7	539.1	538.4
616	504.5	569	540	539.3
617	505.8	570.1	541	540.3
618	506.8	571.2	542	541.2
619	507.5	572.2	543	542.2
620	508.5	573.4	543.9	543.1
621	509.7	574.4	544.9	544.1
622	510.6	575.3	545.8	545.1
623	511.1	576.4	546.8	546
624	511.7	578	547.8	547
625	512.5	579	548.7	547.9
626	513.6	579.8	549.7	548.9
627	514.3	580.9	550.6	549.8
628	514.9	582	551.6	550.8
629	516	583.2	552.6	551.8
630	517	584.4	553.7	552.7
631	517.9	585.3	554.7	553.7
632	518.8	586.6	555.6	554.7
633	519.6	587.5	556.5	555.6
634	520.4	588.7	557.4	556.6
635	521.4	589.9	558.5	557.6
636	522.1	591.2	559.4	558.5
637	523.2	592	560.4	559.5
638	524	593	561.5	560.5
639	524.8	594.1	562.4	561.5
640	525.7	595.2	563.4	562.4
641	526.4	596.3	564.4	563.4
642	527.3	597.2	565.4	564.4
643	528.1	598.3	566.3	565.4
644	529	599.5	567.3	566.3
645	530	600.7	568.3	567.3
646	530.9	601.8	569.3	568.3
647	531.7	603	570.3	569.3
648	532.3	604.1	571.3	570.2
649	533.1	604.9	572.4	571.2
650	534	605.9	573.4	572.2
651	534.8	606.9	574.4	573.1
652	535.6	607.8	575.4	574.1
653	536.5	608.8	576.4	575.1
654	537.6	610.3	577.4	576
655	538.5	611.5	578.3	577
656	539.4	612.8	579.4	578
657	540.2	613.6	580.3	579
658	541	614.6	581.2	579.9
659	541.9	615.4	582.2	580.9
660	542.7	616.6	583.2	581.9
661	543.5	617.4	584.3	582.8
662	544.4	618.4	585.3	583.8
663	545.2	619.7	586.3	584.8
664	546	620.9	587.4	585.7
665	546.8	621.9	588.3	586.7
666	547.7	623	589.3	587.7
667	548.6	624	590.3	588.7
668	549.3	625	591.2	589.6
669	550.5	626	592.2	590.6
670	551.5	627.2	593.2	591.6
671	552.3	628.2	594.3	592.6
672	553.2	629.7	595.4	593.6
673	554.2	630.6	596.4	594.6
674	555.1	631.3	597.4	595.5
675	556	632.4	598.5	596.5
676	557	633.4	599.5	597.5
677	557.9	634.2	600.5	598.5
678	558.5	635.4	601.6	599.4
679	559.3	636.5	602.6	600.4
680	560.1	637.7	603.6	601.4
681	561.1	638.7	604.7	602.4
682	562	639.4	605.7	603.4
683	562.8	640.5	606.7	604.4
684	563.6	641.6	607.7	605.4
685	564.5	642.7	608.8	606.3
686	565.4	643.8	609.7	607.3
687	566.1	644.9	610.6	608.3
688	567	645.9	611.7	609.3
689	568	647	612.8	610.2
690	568.9	648.1	613.8	611.2
691	570	649.3	614.9	612.2
692	570.7	650.4	616	613.2
693	571.9	651.4	617.2	614.2
694	572.8	652.4	618.3	615.2
695	573.6	653.4	619.4	616.2
696	574.3	654.5	620.4	617.2
697	575.2	655.4	621.5	618.2
698	576	656.2	622.6	619.1
699	576.8	657.1	623.6	620.1
700	577.5	658.1	624.6	621.1
701	578.6	659.1	625.7	622
702	579.5	660.2	626.6	623
703	580.4	661.5	627.4	624
704	581.1	662.8	628.3	625
705	582	664	629.3	625.9
706	583	664.8	630.1	626.9
707	584	666	631.1	627.9
708	584.9	667.3	631.8	628.8
