depth	min	max	median	mean
0	-69.5	-69.5	-69.5	-69.5
1	-68.1	-66.3	-67.2	-67.2
2	-66.8	-63.1	-64.9	-64.9
3	-65.8	-61.8	-63.9	-63.9
4	-65.1	-59.9	-63	-62.9
5	-63	-57.1	-60.6	-60.5
6	-61.2	-53.9	-58.3	-58.1
7	-60.1	-52.6	-57.2	-57
8	-59.2	-50.8	-56.2	-55.9
9	-56.5	-47.3	-53.5	-53.2
10	-54.2	-43.6	-50.9	-50.4
11	-52.7	-42.2	-49.8	-49.2
12	-51.6	-40.5	-48.7	-48
13	-49.1	-37.2	-46.3	-45.5
14	-47.1	-33.9	-43.8	-43
15	-44.4	-30.4	-39.2	-38.8
16	-42.9	-23.7	-35.1	-34.7
17	-41.5	-21.9	-33.5	-33
18	-40.2	-19.9	-31.8	-31.3
19	-38.1	-18.7	-29.9	-29.5
20	-36.7	-17.4	-28	-27.7
21	-35.3	-15.9	-26.3	-26.1
22	-33.9	-14.3	-24.6	-24.5
23	-31.1	-13.3	-22.8	-22.6
24	-29.3	-12	-20.8	-20.7
25	-26.8	-10.5	-18.3	-18.3
26	-24.5	-8.3	-15.8	-16
27	-21.5	-7.5	-13.9	-14.1
28	-19.4	-6.3	-11.9	-12.2
29	-17.1	-5.4	-10	-10.3
30	-15	-3.9	-8	-8.5
31	-11.1	-3.3	-6.5	-6.7
32	-8.5	-2.3	-4.8	-5
33	-7.8	-1.5	-4.1	-4.2
34	-7.2	-0.3	-3.4	-3.5
35	-6.4	0.9	-2.5	-2.6
36	-5.8	2.5	-1.7	-1.6
37	-4.8	3.8	-0.5	-0.5
38	-4	5.4	0.5	0.6
39	-3.1	6.3	1.5	1.5
40	-2.5	7.7	2.4	2.5
41	-1.5	8.6	3.4	3.4
42	-0.9	9.8	4.3	4.4
43	0.2	10.7	5.4	5.4
44	1.1	11.8	6.3	6.4
45	2.8	12.8	7.9	7.9
46	3.9	14.3	9.4	9.4
47	5.3	15.1	10.5	10.4
48	6.4	16.1	11.6	11.5
49	8	16.8	12.8	12.7
50	9.2	17.8	14	13.8
51	10.8	18.3	14.9	14.8
52	11.9	19	16	15.8
53	13.3	19.5	16.8	16.7
54	14.4	20.2	17.6	17.5
55	15.7	20.8	18.5	18.4
56	16.5	21.8	19.3	19.3
57	17.2	22.6	20.1	20
58	17.8	23.9	20.8	20.8
59	18.5	24.6	21.5	21.5
60	19	25.6	22.2	22.2
61	19.6	26.2	22.9	22.9
62	20.1	26.9	23.5	23.5
63	21	27.5	24.3	24.3
64	21.6	28.3	25	25
65	22.8	29	25.9	25.9
66	23.7	30	26.8	26.8
67	24.9	30.5	27.6	27.6
68	25.7	31.3	28.3	28.4
69	26.8	32	29.1	29.2
70	27.4	33	29.9	30
71	28.1	34.5	30.9	31
72	28.5	36.5	31.8	32
73	29.3	38.2	32.9	33.1
74	29.9	40.2	33.9	34.2
75	30.5	41.4	34.9	35.2
76	31.1	43.3	35.9	36.2
77	31.8	44.4	36.8	37.2
78	32.2	46	37.7	38.1
79	33.1	47.2	38.7	39.1
80	33.7	48.6	39.7	40.1
81	34.6	49.9	40.8	41.2
82	35.2	51.4	41.9	42.3
83	36	52.9	42.9	43.3
84	36.7	54.2	43.9	44.3
85	37.5	55.6	45	45.4
86	38.3	57.2	46.1	46.5
87	39.1	58.1	47.2	47.5
88	39.8	59.5	48.2	48.5
89	40.6	60.6	49.1	49.5
90	41.3	61.8	50.1	50.4
91	42.1	62.9	51.1	51.4
92	42.8	64.2	52	52.4
93	43.6	65.4	53	53.4
94	44.2	66.7	53.9	54.3
95	45	67.8	54.9	55.3
96	45.8	69.3	55.9	56.4
97	46.7	70.5	57	57.4
98	47.5	71.7	58	58.4
99	48.4	72.9	59.1	59.5
100	49.2	74.1	60.2	60.5
101	50.2	75.1	61.2	61.6
102	51	76.4	62.2	62.6
103	51.8	77.5	63.3	63.7
104	52.7	78.9	64.3	64.7
105	53.6	80	65.4	65.8
106	54.5	81.3	66.5	66.8
107	55.4	82.2	67.5	67.8
108	56.2	83.5	68.5	68.9
109	57.1	84.7	69.6	69.9
110	57.9	86.1	70.6	71
111	58.9	87.3	71.6	72
112	59.7	88.7	72.6	73
113	60.6	89.8	73.7	74
114	61.3	91.3	74.7	75.1
115	62.3	92.5	75.8	76.1
116	63.1	93.7	76.8	77.1
117	64.1	94.8	77.9	78.2
118	64.9	96.1	78.9	79.3
119	65.9	97.1	79.9	80.3
120	66.7	98.5	81	81.4
121	67.7	99.6	82.1	82.4
122	68.5	100.9	83.1	83.4
123	69.5	102	84.1	84.4
124	70.3	103.2	85.1	85.5
125	71.2	104.3	86.1	86.5
126	72	105.6	87.1	87.6
127	73	106.8	88.2	88.6
128	73.9	107.9	89.2	89.6
129	74.8	109.4	90.2	90.6
130	75.6	110.7	91.3	91.6
131	76.6	111.7	92.3	92.6
132	77.4	112.8	93.3	93.6
133	78.4	114	94.3	94.7
134	79.1	115.3	95.4	95.7
135	80.1	116.6	96.4	96.8
136	80.9	117.7	97.4	97.8
137	81.9	118.7	98.4	98.8
138	82.8	119.7	99.3	99.8
139	83.9	120.9	100.3	100.8
140	84.8	122	101.3	101.8
141	85.9	123.2	102.3	102.9
142	86.8	124.4	103.3	103.9
143	87.7	125.4	104.4	104.9
144	88.4	126.5	105.4	105.9
145	89.3	127.5	106.4	107
146	90.3	128.6	107.4	108
147	91.3	129.8	108.5	109
148	92.1	130.9	109.5	110.1
149	93	131.9	110.6	111.1
150	93.8	133.2	111.5	112.1
151	94.8	134.3	112.6	113.1
152	95.6	135.6	113.6	114.1
153	96.6	136.8	114.6	115.2
154	97.5	137.9	115.6	116.2
155	98.5	139	116.7	117.2
156	99.4	140.1	117.8	118.2
157	100.4	141.2	118.8	119.3
158	101.3	142.3	119.7	120.3
159	102.2	143.4	120.7	121.3
160	103.3	144.4	121.7	122.3
161	104.2	145.6	122.7	123.4
162	105.1	146.8	123.8	124.4
163	106.1	147.9	124.8	125.4
164	106.8	149	125.8	126.5
165	107.9	150.2	126.9	127.5
166	108.8	151.5	127.9	128.5
167	109.9	152.5	128.9	129.6
168	110.8	153.6	129.9	130.6
169	111.9	154.8	130.9	131.6
170	112.9	156	132	132.7
171	113.8	157.2	133	133.7
172	114.7	158.2	134.1	134.7
173	115.7	159.5	135.2	135.8
174	116.6	160.5	136.2	136.8
175	117.7	161.5	137.2	137.8
176	118.7	162.6	138.2	138.8
177	119.8	163.7	139.2	139.9
178	120.6	164.8	140.2	140.9
179	121.6	165.8	141.2	141.9
180	122.5	167.1	142.2	142.9
181	123.4	168.1	143.3	144
182	124.5	169.1	144.2	145
183	125.6	170.3	145.2	146
184	126.4	171.7	146.2	147
185	127.4	172.7	147.2	148.1
186	128.3	173.8	148.3	149.1
187	129.4	174.8	149.3	150.1
188	130.2	176	150.3	151.2
189	131.3	177.3	151.4	152.2
190	132.1	178.5	152.5	153.2
191	133.1	179.7	153.6	154.3
192	134.4	180.9	154.6	155.3
193	135.4	181.7	155.6	156.3
194	136.3	182.9	156.7	157.4
195	137.4	183.9	157.7	158.4
196	138.3	185.5	158.7	159.4
197	139.5	186.6	159.7	160.5
198	140.4	187.5	160.7	161.5
199	141.4	188.4	161.8	162.6
200	142.2	189.7	162.9	163.6
201	143	191	164	164.6
202	143.8	192.3	165.1	165.6
203	144.6	193.6	166.2	166.6
204	145.4	194.9	167.3	167.6
205	146.2	196.2	168.4	168.6
206	147	197.5	169.5	169.6
207	147.8	198.8	170.6	170.6
208	148.6	200.1	171.7	171.6
209	149.4	201.4	172.8	172.6
210	150.2	202.7	173.9	173.6
211	151	204	175	174.6
212	151.8	205.3	176.1	175.6
213	152.6	206.599999999999	177.2	176.6
214	153.4	207.9	178.3	177.6
215	154.2	209.2	179.4	178.6
216	155	210.5	180.5	179.6
217	155.8	211.8	181.6	180.6
218	156.599999999999	213.099999999999	182.7	181.6
219	157.4	214.4	183.8	182.6
220	158.2	215.7	184.9	183.6
221	159	217	186	184.6
222	159.8	218.299999999999	187.1	185.6
223	160.599999999999	219.599999999999	188.2	186.6
224	161.399999999999	220.9	189.3	187.6
225	162.2	222.2	190.4	188.599999999999
226	163	223.499999999999	191.5	189.6
227	163.799999999999	224.799999999999	192.599999999999	190.6
228	164.599999999999	226.099999999999	193.7	191.599999999999
229	165.4	227.4	194.799999999999	192.6
230	166.2	228.7	195.900000000001	193.599999999999
231	166.999999999999	229.999999999999	197	194.6
232	167.799999999999	231.299999999999	198.099999999999	195.6
233	168.599999999999	232.599999999999	199.2	196.599999999999
234	169.4	233.9	200.299999999999	197.6
235	170.2	235.2	201.400000000001	198.599999999999
236	170.999999999999	236.499999999999	202.5	199.6
237	171.799999999999	237.799999999999	203.599999999999	200.6
238	172.599999999999	239.099999999999	204.7	201.599999999999
239	173.4	240.4	205.799999999999	202.6
240	174.2	241.7	206.900000000001	203.599999999999
241	174.999999999999	242.999999999999	208	204.6
242	175.799999999999	244.299999999999	209.099999999999	205.6
243	176.599999999999	245.599999999999	210.2	206.599999999999
244	177.399999999999	246.9	211.299999999999	207.6
245	178.2	248.199999999999	212.4	208.599999999999
246	178.999999999999	249.5	213.5	209.6
247	179.799999999999	250.799999999997	214.6	210.599999999999
248	180.599999999999	252.099999999999	215.7	211.6
249	181.399999999999	253.4	216.799999999999	212.6
250	182.2	254.699999999999	217.899999999999	213.6
251	182.999999999999	256	219	214.599999999999
252	183.799999999999	257.299999999997	220.1	215.6
253	184.599999999999	258.599999999999	221.199999999999	216.6
254	185.399999999999	259.9	222.299999999999	217.6
255	186.199999999999	261.199999999999	223.4	218.6
256	186.999999999999	262.5	224.5	219.599999999999
257	187.799999999998	263.799999999997	225.6	220.6
258	188.599999999999	265.099999999999	226.699999999999	221.6
259	189.4	266.4	227.799999999999	222.6
260	190.199999999999	267.699999999999	228.9	223.6
